3169
51442
25803
7021
9635
253190
2568
367
11168
79083
55521
10473
5304
54490
5613
222
1029
3251
54847
2194
9060
2171
2744
10202
200734
3930
81611
23199
8564
23708
7494
4071
2824
6566
1718
8540
3854
10200
214
51444
7447
5562
55503
3081
4281
25984
3843
7298
4609
10916
53335
3945
2582
2184
9865
79070
11254
1534
5445
4603
1846
4893
444
81031
6347
28959
65084
11221
5359
54677
5268
9022
3875
51809
80342
3880
7153
5618
858
7027
10140
1384
60487
51765
7905
2123
7103
400451
4488
92086
1573
55872
9368
1066
51181
8842
1116
2690
7351
5321
65985
22996
57535
6652
26154
10551
25797
10149
2109
929
55268
563
1287
7272
1728
638
4277
25907
6337
5366
10455
247
347
5753
8534
26278
3815
4329
93664
29899
5806
8190
10125
3778
645
65055
26577
6355
8365
8685
57180
6319
6307
2264
51338
6374
3868
4311
64699
80303
6515
2001
26047
23336
8309
4332
6505
57016
10402
1756
3158
85453
4128
339479
79679
55228
2064
2919
2104
